BioID_0623.pgm 119 60 128 128
BioID_1236.pgm 154 46 85 85
BioID_0723.pgm 131 96 133 133
BioID_0625.pgm 121 52 121 121
BioID_1394.pgm 166 93 101 101
BioID_0738.pgm 136 104 135 135
BioID_1323.pgm 159 63 92 92
BioID_0669.pgm 114 74 138 138
BioID_0336.pgm 115 103 110 110
BioID_0329.pgm 124 82 101 101
BioID_0811.pgm 124 75 119 119
BioID_1175.pgm 146 48 108 108
BioID_1457.pgm 104 26 140 140
BioID_0410.pgm 85 65 103 103
BioID_0620.pgm 124 56 126 126
BioID_1198.pgm 145 42 103 103
BioID_0902.pgm 135 52 128 128
BioID_1154.pgm 134 59 128 128
BioID_0493.pgm 112 117 110 110
BioID_0992.pgm 114 87 92 92
BioID_1130.pgm 140 75 128 128
BioID_0518.pgm 104 109 110 110
BioID_1297.pgm 119 51 138 138
BioID_0888.pgm 144 86 98 98
BioID_0478.pgm 106 103 103 103
BioID_0102.pgm 117 85 151 151
BioID_0691.pgm 98 81 131 131
BioID_0082.pgm 105 88 193 193
BioID_0534.pgm 118 83 128 128
BioID_1066.pgm 154 63 98 98
BioID_0785.pgm 112 83 103 103
BioID_1094.pgm 112 76 198 198
BioID_1476.pgm 98 2 177 177
BioID_1451.pgm 109 22 142 142
BioID_0382.pgm 155 76 105 105
BioID_1107.pgm 151 58 114 114
BioID_1001.pgm 137 74 103 103
BioID_0484.pgm 71 100 121 121
BioID_1373.pgm 138 77 140 140
BioID_1354.pgm 161 56 96 96
BioID_1267.pgm 166 45 119 119
BioID_0440.pgm 89 73 135 135
BioID_1465.pgm 94 29 142 142
BioID_0835.pgm 138 119 138 138
BioID_0078.pgm 94 84 195 195
BioID_0458.pgm 68 120 103 103
BioID_0587.pgm 133 42 110 110
BioID_1234.pgm 151 55 87 87
BioID_0489.pgm 115 115 114 114
BioID_1218.pgm 151 54 87 87
BioID_1338.pgm 162 55 85 85
BioID_0674.pgm 114 78 131 131
BioID_0882.pgm 141 89 96 96
BioID_0502.pgm 108 111 110 110
BioID_0884.pgm 144 92 96 96
BioID_1172.pgm 126 61 149 149
BioID_1152.pgm 136 70 131 131
BioID_0577.pgm 127 56 108 108
BioID_0919.pgm 102 22 184 184
BioID_0024.pgm 108 108 151 151
BioID_1228.pgm 153 58 87 87
BioID_0877.pgm 126 82 96 96
BioID_0552.pgm 134 86 128 128
BioID_1331.pgm 172 58 80 80
BioID_0702.pgm 123 89 126 126
BioID_1242.pgm 153 52 87 87
BioID_1250.pgm 176 56 117 117
BioID_0942.pgm 164 66 98 98
BioID_1291.pgm 177 47 119 119
BioID_1473.pgm 64 2 222 222
BioID_1100.pgm 154 56 114 114
BioID_0540.pgm 142 77 128 128
BioID_0660.pgm 135 84 121 121
BioID_1192.pgm 156 44 105 105
BioID_0254.pgm 171 85 110 110
BioID_1458.pgm 104 32 142 142
BioID_0524.pgm 127 75 135 135
BioID_0607.pgm 125 69 121 121
BioID_0343.pgm 132 96 96 96
BioID_1320.pgm 170 48 85 85
BioID_0861.pgm 251 105 121 121
BioID_0483.pgm 75 130 108 108
BioID_0866.pgm 122 94 131 131
BioID_0106.pgm 128 87 142 142
BioID_0148.pgm 148 92 117 117
BioID_1096.pgm 171 64 114 114
BioID_1295.pgm 129 74 124 124
BioID_1140.pgm 136 77 124 124
BioID_0576.pgm 129 49 108 108
BioID_0969.pgm 136 70 126 126
BioID_0580.pgm 130 53 108 108
BioID_0491.pgm 112 114 112 112
BioID_0944.pgm 160 81 96 96
BioID_0356.pgm 102 47 114 114
BioID_0582.pgm 130 55 110 110
BioID_0946.pgm 151 94 112 112
BioID_0851.pgm 131 64 119 119
BioID_0980.pgm 135 77 101 101
BioID_0398.pgm 88 77 105 105
BioID_0611.pgm 110 65 133 133
BioID_0075.pgm 109 61 190 190
BioID_1023.pgm 87 83 194 194
BioID_1333.pgm 155 71 119 119
BioID_1388.pgm 157 83 101 101
BioID_0182.pgm 135 97 151 151
BioID_0208.pgm 152 71 92 92
BioID_1125.pgm 141 78 131 131
BioID_0612.pgm 106 65 131 131
BioID_0333.pgm 114 105 108 108
BioID_0886.pgm 145 98 96 96
BioID_0005.pgm 108 60 163 163
BioID_0613.pgm 120 55 131 131
BioID_0824.pgm 128 77 121 121
BioID_0479.pgm 110 105 105 105
BioID_1518.pgm 114 99 163 163
BioID_0751.pgm 143 105 89 89
BioID_1212.pgm 140 39 112 112
BioID_0744.pgm 139 102 96 96
BioID_0978.pgm 137 86 105 105
BioID_1450.pgm 92 3 168 168
BioID_0772.pgm 142 96 101 101
BioID_0061.pgm 103 25 206 206
BioID_1050.pgm 140 69 108 108
BioID_1261.pgm 170 56 119 119
BioID_0452.pgm 109 104 108 108
BioID_1221.pgm 149 55 87 87
BioID_0464.pgm 110 107 105 105
BioID_1159.pgm 136 49 131 131
BioID_0818.pgm 116 93 135 135
BioID_0220.pgm 152 96 142 142
BioID_0680.pgm 121 77 133 133
BioID_0280.pgm 168 94 105 105
BioID_1393.pgm 174 87 101 101
BioID_0745.pgm 136 92 96 96
BioID_0123.pgm 133 82 142 142
BioID_0962.pgm 152 86 110 110
BioID_0164.pgm 178 70 112 112
BioID_0472.pgm 108 100 105 105
BioID_0923.pgm 196 80 108 108
BioID_0418.pgm 91 111 108 108
BioID_0217.pgm 131 90 144 144
BioID_1223.pgm 149 54 85 85
BioID_1460.pgm 105 29 138 138
BioID_1097.pgm 163 60 114 114
BioID_1084.pgm 100 41 211 211
BioID_1384.pgm 136 70 144 144
BioID_1090.pgm 105 68 209 209
BioID_1113.pgm 151 57 114 114
BioID_1510.pgm 118 39 101 101
BioID_0793.pgm 110 74 103 103
BioID_0342.pgm 102 98 101 101
BioID_0719.pgm 131 98 138 138
BioID_0057.pgm 95 57 184 184
BioID_1276.pgm 179 59 114 114
BioID_0156.pgm 125 79 119 119
BioID_0022.pgm 101 107 156 156
BioID_0475.pgm 113 99 105 105
BioID_0808.pgm 107 77 98 98
BioID_0635.pgm 110 99 144 144
BioID_1112.pgm 154 58 112 112
BioID_0072.pgm 96 21 197 197
BioID_0161.pgm 182 70 112 112
BioID_1068.pgm 152 58 103 103
BioID_0711.pgm 142 89 133 133
BioID_0289.pgm 135 70 105 105
BioID_1330.pgm 170 56 87 87
BioID_1251.pgm 176 55 117 117
BioID_0581.pgm 123 60 108 108
BioID_1164.pgm 136 40 133 133
BioID_1487.pgm 89 39 193 193
BioID_0113.pgm 123 88 151 151
BioID_0100.pgm 125 84 154 154
BioID_1203.pgm 150 41 105 105
BioID_0532.pgm 126 81 126 126
BioID_0294.pgm 159 68 98 98
BioID_1024.pgm 103 100 181 181
BioID_1042.pgm 116 42 101 101
BioID_1512.pgm 119 41 101 101
BioID_0423.pgm 91 90 119 119
BioID_0146.pgm 144 3 140 140
BioID_1122.pgm 140 75 128 128
BioID_1019.pgm 96 64 195 195
BioID_0955.pgm 146 93 147 147
BioID_1233.pgm 143 55 89 89
BioID_0284.pgm 134 72 105 105
BioID_0838.pgm 126 122 142 142
BioID_0327.pgm 114 94 101 101
BioID_0712.pgm 129 91 142 142
BioID_1195.pgm 147 48 110 110
BioID_0794.pgm 112 76 98 98
BioID_1402.pgm 169 64 98 98
BioID_1493.pgm 79 38 190 190
BioID_0309.pgm 110 80 190 190
BioID_0644.pgm 123 54 126 126
BioID_1177.pgm 147 50 105 105
BioID_1087.pgm 106 52 209 209
BioID_1403.pgm 169 62 101 101
BioID_1040.pgm 112 51 101 101
BioID_0058.pgm 106 32 200 200
BioID_1148.pgm 136 66 133 133
BioID_0516.pgm 101 109 110 110
BioID_0368.pgm 99 50 103 103
BioID_0089.pgm 94 85 195 195
BioID_0591.pgm 77 36 124 124
BioID_1259.pgm 174 50 114 114
BioID_0245.pgm 163 82 114 114
BioID_0968.pgm 139 73 128 128
BioID_1507.pgm 118 44 105 105
BioID_0726.pgm 132 102 138 138
BioID_0473.pgm 112 104 105 105
BioID_0270.pgm 171 100 105 105
BioID_0264.pgm 167 94 103 103
BioID_0921.pgm 103 61 181 181
BioID_0231.pgm 167 93 108 108
BioID_1308.pgm 128 71 133 133
BioID_1186.pgm 156 45 110 110
BioID_0863.pgm 127 90 133 133
BioID_0508.pgm 110 109 110 110
BioID_0235.pgm 171 95 108 108
BioID_0003.pgm 105 59 158 158
BioID_1270.pgm 174 42 117 117
BioID_0015.pgm 80 67 216 216
BioID_0121.pgm 120 90 154 154
BioID_0139.pgm 145 82 147 147
BioID_1163.pgm 148 18 124 124
BioID_0770.pgm 145 99 92 92
BioID_0941.pgm 122 79 140 140
BioID_0194.pgm 159 79 140 140
BioID_0190.pgm 112 111 158 158
BioID_0998.pgm 143 72 96 96
BioID_0836.pgm 126 121 138 138
BioID_0989.pgm 163 78 103 103
BioID_0361.pgm 117 49 105 105
BioID_1467.pgm 98 29 140 140
BioID_0030.pgm 117 92 131 131
BioID_1275.pgm 178 50 117 117
BioID_0259.pgm 169 83 112 112
BioID_0062.pgm 120 53 184 184
BioID_0409.pgm 85 70 105 105
BioID_0197.pgm 149 82 140 140
BioID_0731.pgm 134 100 138 138
BioID_1144.pgm 129 78 131 131
BioID_1208.pgm 147 41 112 112
BioID_1401.pgm 168 60 98 98
BioID_0977.pgm 119 65 154 154
BioID_1109.pgm 153 58 114 114
BioID_0397.pgm 87 70 101 101
BioID_1416.pgm 162 63 101 101
BioID_1351.pgm 155 60 105 105
BioID_1185.pgm 150 50 103 103
BioID_0933.pgm 149 80 142 142
BioID_0753.pgm 138 87 89 89
BioID_0168.pgm 146 69 114 114
BioID_0787.pgm 110 81 98 98
BioID_1013.pgm 121 94 138 138
BioID_0588.pgm 114 39 101 101
BioID_0802.pgm 103 79 98 98
BioID_0585.pgm 135 60 110 110
BioID_1049.pgm 116 45 103 103
BioID_0505.pgm 104 109 114 114
BioID_0910.pgm 142 62 124 124
BioID_0604.pgm 125 58 119 119
BioID_0603.pgm 128 59 121 121
BioID_1438.pgm 106 62 112 112
BioID_0634.pgm 137 98 147 147
BioID_0354.pgm 113 46 112 112
BioID_0501.pgm 111 109 112 112
BioID_1435.pgm 104 66 114 114
BioID_0316.pgm 98 51 184 184
BioID_1429.pgm 101 67 117 117
BioID_0437.pgm 95 70 138 138
BioID_0481.pgm 107 108 103 103
BioID_1346.pgm 174 51 82 82
BioID_0215.pgm 125 74 144 144
BioID_0756.pgm 145 99 89 89
BioID_1516.pgm 112 94 161 161
BioID_0488.pgm 113 98 119 119
BioID_0885.pgm 144 85 96 96
BioID_0172.pgm 130 18 197 197
BioID_0032.pgm 112 97 133 133
BioID_1098.pgm 155 54 117 117
BioID_0434.pgm 92 64 133 133
BioID_0115.pgm 122 165 118 118
BioID_0870.pgm 122 98 128 128
BioID_1334.pgm 158 68 112 112
BioID_1005.pgm 153 76 101 101
BioID_0468.pgm 115 107 103 103
BioID_0428.pgm 79 82 126 126
BioID_1395.pgm 163 95 98 98
BioID_1054.pgm 140 71 108 108
BioID_0286.pgm 138 63 105 105
BioID_1329.pgm 162 65 98 98
BioID_1095.pgm 199 60 114 114
BioID_0006.pgm 115 62 165 165
BioID_0063.pgm 108 50 184 184
BioID_0179.pgm 116 9 197 197
BioID_1038.pgm 123 38 101 101
BioID_0117.pgm 135 73 147 147
BioID_0629.pgm 127 50 119 119
BioID_0008.pgm 104 58 170 170
BioID_1287.pgm 167 60 119 119
BioID_0268.pgm 106 100 105 105
BioID_0305.pgm 130 78 98 98
BioID_0460.pgm 71 121 105 105
BioID_1173.pgm 101 39 117 117
BioID_0204.pgm 128 72 147 147
BioID_0767.pgm 141 99 87 87
BioID_0169.pgm 146 69 114 114
BioID_1187.pgm 155 45 110 110
BioID_0272.pgm 169 96 103 103
BioID_0228.pgm 165 90 110 110
BioID_0181.pgm 119 92 151 151
BioID_0400.pgm 92 75 103 103
BioID_0225.pgm 164 88 108 108
BioID_1349.pgm 146 59 108 108
BioID_1072.pgm 129 37 124 124
BioID_1327.pgm 154 70 103 103
BioID_0377.pgm 161 88 108 108
BioID_1278.pgm 173 59 117 117
BioID_0074.pgm 102 40 197 197
BioID_0131.pgm 153 74 138 138
BioID_1499.pgm 116 35 105 105
BioID_0257.pgm 168 85 112 112
BioID_0093.pgm 153 64 112 112
BioID_0499.pgm 104 110 112 112
BioID_1132.pgm 128 76 131 131
BioID_0578.pgm 127 55 110 110
BioID_0806.pgm 107 79 98 98
BioID_0720.pgm 129 94 133 133
BioID_0120.pgm 124 79 151 151
BioID_0133.pgm 147 51 144 144
BioID_0990.pgm 157 74 98 98
BioID_0665.pgm 116 86 131 131
BioID_0913.pgm 157 65 121 121
BioID_0554.pgm 133 85 133 133
BioID_0103.pgm 126 84 144 144
BioID_0721.pgm 127 95 138 138
BioID_1376.pgm 142 85 142 142
BioID_0906.pgm 130 51 124 124
BioID_0048.pgm 114 41 140 140
BioID_1202.pgm 147 40 110 110
BioID_0401.pgm 86 70 105 105
BioID_0643.pgm 125 55 124 124
BioID_1359.pgm 169 69 128 128
BioID_1348.pgm 150 60 105 105
BioID_0185.pgm 128 93 154 154
BioID_0909.pgm 144 54 124 124
BioID_1039.pgm 119 45 98 98
BioID_1273.pgm 186 55 114 114
BioID_1162.pgm 125 61 140 140
BioID_0080.pgm 98 84 195 195
BioID_0519.pgm 126 68 138 138
BioID_0636.pgm 97 45 147 147
BioID_1083.pgm 106 13 204 204
BioID_0536.pgm 118 81 128 128
BioID_1008.pgm 146 74 101 101
BioID_1120.pgm 153 57 112 112
BioID_0654.pgm 107 47 131 131
BioID_1483.pgm 116 2 163 163
BioID_1045.pgm 114 51 105 105
BioID_0777.pgm 145 100 92 92
BioID_0180.pgm 192 84 142 142
BioID_0064.pgm 106 57 188 188
BioID_0051.pgm 109 55 179 179
BioID_1498.pgm 120 39 108 108
BioID_1027.pgm 77 88 108 108
BioID_0814.pgm 129 63 114 114
BioID_0244.pgm 179 85 117 117
BioID_1281.pgm 167 63 117 117
BioID_0482.pgm 102 38 172 172
BioID_0668.pgm 119 87 131 131
BioID_1277.pgm 176 63 117 117
BioID_0904.pgm 139 56 121 121
BioID_0317.pgm 103 59 184 184
BioID_0778.pgm 144 97 94 94
BioID_0718.pgm 131 127 138 138
BioID_0915.pgm 143 63 124 124
BioID_0049.pgm 110 48 138 138
BioID_0897.pgm 144 62 138 138
BioID_0278.pgm 168 94 105 105
BioID_0443.pgm 92 69 142 142
BioID_0144.pgm 143 81 144 144
BioID_0789.pgm 112 75 103 103
BioID_0664.pgm 111 98 144 144
BioID_0273.pgm 173 94 103 103
BioID_0632.pgm 120 55 131 131
BioID_1496.pgm 113 47 119 119
BioID_0445.pgm 95 81 138 138
BioID_0392.pgm 94 87 96 96
BioID_0160.pgm 180 71 110 110
BioID_0408.pgm 86 77 105 105
BioID_1442.pgm 85 13 188 188
BioID_0686.pgm 114 77 135 135
BioID_1133.pgm 134 77 128 128
BioID_1440.pgm 113 67 110 110
BioID_0047.pgm 107 62 144 144
BioID_0028.pgm 110 100 138 138
BioID_0709.pgm 130 43 174 174
BioID_0416.pgm 87 76 96 96
BioID_1146.pgm 130 78 128 128
BioID_1332.pgm 172 55 80 80
BioID_0628.pgm 117 60 133 133
BioID_0887.pgm 141 89 96 96
BioID_0399.pgm 96 80 103 103
BioID_1423.pgm 145 61 112 112
BioID_0087.pgm 107 94 190 190
BioID_0442.pgm 92 77 131 131
BioID_0537.pgm 127 80 126 126
BioID_0355.pgm 99 48 114 114
BioID_0544.pgm 126 77 128 128
BioID_0834.pgm 118 123 135 135
BioID_0979.pgm 133 75 103 103
BioID_0362.pgm 109 45 108 108
BioID_1307.pgm 120 67 138 138
BioID_1063.pgm 147 67 105 105
BioID_1479.pgm 86 31 229 229
BioID_1077.pgm 147 51 103 103
BioID_1196.pgm 145 44 108 108
BioID_1318.pgm 129 126 149 149
BioID_0622.pgm 121 51 128 128
BioID_1431.pgm 106 65 114 114
BioID_0655.pgm 101 47 128 128
BioID_0214.pgm 135 72 140 140
BioID_0876.pgm 126 83 101 101
BioID_1406.pgm 160 65 101 101
BioID_0328.pgm 125 88 98 98
BioID_0925.pgm 161 65 131 131
BioID_0350.pgm 111 45 121 121
BioID_0701.pgm 111 92 128 128
BioID_1118.pgm 152 59 114 114
BioID_0321.pgm 100 36 193 193
BioID_0249.pgm 180 81 117 117
BioID_1400.pgm 170 59 98 98
BioID_0804.pgm 111 79 98 98
BioID_0857.pgm 126 118 119 119
BioID_0248.pgm 170 91 119 119
BioID_1207.pgm 146 42 110 110
BioID_1181.pgm 149 40 105 105
BioID_0232.pgm 165 98 108 108
BioID_0239.pgm 169 91 108 108
BioID_1408.pgm 162 67 103 103
BioID_0347.pgm 90 90 121 121
BioID_0494.pgm 102 110 112 112
BioID_1060.pgm 147 58 96 96
BioID_0610.pgm 114 69 131 131
BioID_0755.pgm 137 93 92 92
BioID_0110.pgm 129 79 149 149
BioID_1219.pgm 148 52 89 89
BioID_1089.pgm 104 62 211 211
BioID_0706.pgm 130 24 158 158
BioID_1500.pgm 119 39 105 105
BioID_0951.pgm 146 37 121 121
BioID_0523.pgm 130 74 133 133
BioID_0426.pgm 107 82 121 121
BioID_1296.pgm 128 62 131 131
BioID_1103.pgm 150 58 114 114
BioID_1214.pgm 155 49 89 89
BioID_0820.pgm 125 73 114 114
BioID_1074.pgm 152 71 114 114
BioID_0907.pgm 141 55 124 124
BioID_0716.pgm 134 120 140 140
BioID_0279.pgm 168 89 103 103
BioID_0425.pgm 102 83 117 117
BioID_1035.pgm 118 39 98 98
BioID_1397.pgm 171 56 98 98
BioID_1119.pgm 153 57 112 112
BioID_0256.pgm 173 84 110 110
BioID_1245.pgm 181 57 105 105
BioID_1509.pgm 116 54 103 103
BioID_1091.pgm 107 87 193 193
BioID_0903.pgm 124 48 128 128
BioID_1347.pgm 146 80 119 119
BioID_0348.pgm 89 87 124 124
BioID_0324.pgm 98 91 101 101
BioID_1204.pgm 144 39 112 112
BioID_0892.pgm 142 86 98 98
BioID_0760.pgm 141 97 96 96
BioID_0880.pgm 140 83 96 96
BioID_0987.pgm 158 71 101 101
BioID_1391.pgm 183 89 103 103
BioID_0039.pgm 113 108 128 128
BioID_1247.pgm 164 65 114 114
BioID_0717.pgm 131 99 138 138
BioID_0177.pgm 104 3 170 170
BioID_0841.pgm 129 126 135 135
BioID_0927.pgm 146 77 133 133
BioID_0303.pgm 132 72 101 101
BioID_0750.pgm 136 102 94 94
BioID_0541.pgm 118 80 131 131
BioID_1306.pgm 125 61 140 140
BioID_1183.pgm 147 32 96 96
BioID_1110.pgm 155 59 114 114
BioID_0083.pgm 95 86 190 190
BioID_0693.pgm 120 87 131 131
BioID_0019.pgm 90 102 151 151
BioID_1446.pgm 86 3 181 181
BioID_1380.pgm 145 79 140 140
BioID_1105.pgm 151 58 117 117
BioID_0467.pgm 113 108 105 105
BioID_1453.pgm 101 27 138 138
BioID_0800.pgm 104 76 101 101
BioID_1314.pgm 124 69 131 131
BioID_1495.pgm 110 60 124 124
BioID_0461.pgm 113 109 105 105
BioID_0242.pgm 182 79 117 117
BioID_1248.pgm 166 60 119 119
BioID_0812.pgm 140 68 119 119
BioID_1415.pgm 161 66 101 101
BioID_0704.pgm 129 92 124 124
BioID_0952.pgm 138 81 154 154
BioID_0826.pgm 140 87 117 117
BioID_1086.pgm 117 48 206 206
BioID_1342.pgm 170 51 82 82
BioID_0056.pgm 98 57 190 190
BioID_0201.pgm 144 78 144 144
BioID_0798.pgm 107 78 98 98
BioID_0630.pgm 124 48 117 117
BioID_1220.pgm 158 43 82 82
BioID_1266.pgm 163 48 117 117
BioID_0448.pgm 84 65 142 142
BioID_0934.pgm 134 74 138 138
BioID_1302.pgm 123 65 138 138
BioID_0261.pgm 149 111 101 101
BioID_0605.pgm 122 53 112 112
BioID_0849.pgm 133 127 135 135
BioID_0364.pgm 93 54 126 126
BioID_0236.pgm 168 96 108 108
BioID_0889.pgm 141 85 96 96
BioID_1463.pgm 107 29 138 138
BioID_0973.pgm 114 54 151 151
BioID_0997.pgm 143 76 98 98
BioID_0761.pgm 145 100 87 87
BioID_1505.pgm 117 41 101 101
BioID_0786.pgm 115 82 98 98
BioID_0764.pgm 141 96 94 94
BioID_1145.pgm 128 80 128 128
BioID_0430.pgm 89 65 128 128
BioID_0301.pgm 138 69 96 96
BioID_0520.pgm 127 75 135 135
BioID_0703.pgm 113 90 128 128
BioID_0697.pgm 114 91 128 128
BioID_0960.pgm 141 86 126 126
BioID_1057.pgm 141 69 105 105
BioID_0381.pgm 162 74 105 105
BioID_0191.pgm 114 104 156 156
BioID_0893.pgm 137 62 121 121
BioID_0206.pgm 158 67 128 128
BioID_0016.pgm 114 90 165 165
BioID_0157.pgm 171 68 108 108
BioID_0924.pgm 154 67 131 131
BioID_1237.pgm 147 54 85 85
BioID_0119.pgm 127 71 147 147
BioID_1003.pgm 151 68 98 98
BioID_0542.pgm 132 79 126 126
BioID_0050.pgm 100 37 195 195
BioID_1409.pgm 160 70 101 101
BioID_0872.pgm 121 102 131 131
BioID_0318.pgm 101 44 197 197
BioID_0334.pgm 121 99 108 108
BioID_1484.pgm 104 1 170 170
BioID_0306.pgm 137 71 96 96
BioID_1271.pgm 178 50 114 114
BioID_1253.pgm 164 51 119 119
BioID_0332.pgm 116 102 112 112
BioID_0419.pgm 102 96 114 114
BioID_0027.pgm 109 81 138 138
BioID_0211.pgm 128 79 149 149
BioID_0406.pgm 91 68 103 103
BioID_0675.pgm 120 81 133 133
BioID_0828.pgm 136 83 117 117
BioID_1124.pgm 149 71 128 128
BioID_0649.pgm 105 71 108 108
BioID_0237.pgm 166 96 105 105
BioID_0344.pgm 59 122 101 101
BioID_1371.pgm 121 42 149 149
BioID_0369.pgm 103 51 98 98
BioID_1184.pgm 152 45 103 103
BioID_0539.pgm 134 76 133 133
BioID_0432.pgm 87 70 131 131
BioID_0285.pgm 133 71 105 105
BioID_0937.pgm 133 59 135 135
BioID_0380.pgm 145 85 101 101
BioID_0832.pgm 117 114 135 135
BioID_0652.pgm 124 90 110 110
BioID_0216.pgm 122 84 147 147
BioID_1171.pgm 127 66 154 154
BioID_0869.pgm 123 96 133 133
BioID_0653.pgm 128 90 110 110
BioID_0241.pgm 172 73 112 112
BioID_0817.pgm 136 66 103 103
BioID_0504.pgm 110 110 108 108
BioID_1472.pgm 106 32 144 144
BioID_0166.pgm 151 73 114 114
BioID_1513.pgm 120 36 98 98
BioID_1009.pgm 148 71 98 98
BioID_1411.pgm 161 70 101 101
BioID_0883.pgm 141 81 94 94
BioID_0752.pgm 139 106 98 98
BioID_0129.pgm 145 70 138 138
BioID_0379.pgm 141 88 108 108
BioID_0725.pgm 132 102 140 140
BioID_0566.pgm 105 18 172 172
BioID_0044.pgm 130 127 119 119
BioID_0873.pgm 123 105 128 128
BioID_0961.pgm 142 79 124 124
BioID_0601.pgm 94 31 121 121
BioID_0801.pgm 100 79 101 101
BioID_0331.pgm 133 120 101 101
BioID_1088.pgm 107 56 209 209
BioID_0143.pgm 146 76 144 144
BioID_1014.pgm 124 99 142 142
BioID_0373.pgm 104 51 142 142
BioID_0229.pgm 166 97 110 110
BioID_1191.pgm 143 24 108 108
BioID_0645.pgm 154 79 124 124
BioID_1056.pgm 145 71 108 108
BioID_1012.pgm 156 76 101 101
BioID_1405.pgm 174 57 98 98
BioID_0617.pgm 115 55 131 131
BioID_0126.pgm 128 74 151 151
BioID_0935.pgm 129 92 144 144
BioID_0666.pgm 113 74 135 135
BioID_1160.pgm 138 57 135 135
BioID_0026.pgm 127 106 124 124
BioID_0797.pgm 103 76 103 103
BioID_0953.pgm 128 79 154 154
BioID_1462.pgm 105 30 138 138
BioID_0188.pgm 120 111 156 156
BioID_0879.pgm 136 83 98 98
BioID_0114.pgm 125 85 147 147
BioID_0856.pgm 123 70 142 142
BioID_1515.pgm 120 100 161 161
BioID_0088.pgm 104 95 188 188
BioID_1519.pgm 115 102 165 165
BioID_0109.pgm 125 85 149 149
BioID_0001.pgm 112 67 158 158
BioID_0917.pgm 138 63 124 124
BioID_0864.pgm 128 93 131 131
BioID_0283.pgm 131 44 108 108
BioID_1282.pgm 166 59 121 121
BioID_0564.pgm 110 8 163 163
BioID_0908.pgm 140 57 124 124
BioID_1197.pgm 141 42 108 108
BioID_0385.pgm 150 75 98 98
BioID_0421.pgm 92 91 117 117
BioID_0781.pgm 112 82 101 101
BioID_0679.pgm 129 81 133 133
BioID_0816.pgm 126 67 117 117
BioID_0821.pgm 131 89 119 119
BioID_0171.pgm 124 24 195 195
BioID_0363.pgm 99 50 103 103
BioID_0579.pgm 137 60 108 108
BioID_0871.pgm 123 98 131 131
BioID_1143.pgm 129 79 131 131
BioID_1480.pgm 75 17 236 236
BioID_1252.pgm 177 49 117 117
BioID_1491.pgm 89 31 188 188
BioID_0290.pgm 148 63 103 103
BioID_0705.pgm 122 92 124 124
BioID_0311.pgm 104 16 174 174
BioID_0661.pgm 119 72 131 131
BioID_0326.pgm 118 94 94 94
BioID_0200.pgm 141 81 142 142
BioID_0486.pgm 72 106 119 119
BioID_1264.pgm 181 52 117 117
BioID_1353.pgm 167 47 89 89
BioID_1497.pgm 118 35 110 110
BioID_0599.pgm 80 37 126 126
BioID_0631.pgm 124 47 117 117
BioID_0842.pgm 135 123 135 135
BioID_0727.pgm 134 99 138 138
BioID_1372.pgm 136 72 138 138
BioID_0108.pgm 127 81 147 147
BioID_0207.pgm 138 79 149 149
BioID_1114.pgm 148 56 117 117
BioID_0602.pgm 94 24 121 121
BioID_0547.pgm 136 81 131 131
BioID_0227.pgm 165 91 110 110
BioID_1303.pgm 126 64 135 135
BioID_1336.pgm 154 62 110 110
BioID_0276.pgm 169 94 103 103
BioID_0393.pgm 105 71 101 101
BioID_0538.pgm 136 76 124 124
BioID_0742.pgm 119 100 94 94
BioID_1482.pgm 75 2 236 236
BioID_0735.pgm 134 99 138 138
BioID_0656.pgm 101 60 151 151
BioID_0922.pgm 117 45 179 179
BioID_1147.pgm 125 81 128 128
BioID_1225.pgm 151 50 87 87
BioID_1434.pgm 107 62 114 114
BioID_1170.pgm 137 47 147 147
BioID_1337.pgm 167 57 85 85
BioID_0132.pgm 148 72 135 135
BioID_1350.pgm 145 61 110 110
BioID_0298.pgm 134 67 94 94
BioID_0097.pgm 160 52 138 138
BioID_0672.pgm 114 78 142 142
BioID_1232.pgm 151 54 87 87
BioID_1478.pgm 65 1 223 223
BioID_0213.pgm 112 85 154 154
BioID_1231.pgm 149 58 87 87
BioID_0671.pgm 120 80 133 133
BioID_0568.pgm 132 42 103 103
BioID_1106.pgm 148 56 117 117
BioID_1356.pgm 161 51 96 96
BioID_0597.pgm 88 33 117 117
BioID_0312.pgm 95 33 184 184
BioID_0943.pgm 135 82 149 149
BioID_0950.pgm 133 80 151 151
BioID_0963.pgm 160 84 101 101
BioID_1230.pgm 153 52 85 85
BioID_1455.pgm 102 25 144 144
BioID_1374.pgm 139 80 142 142
BioID_0606.pgm 127 58 114 114
BioID_0060.pgm 103 20 206 206
BioID_1123.pgm 136 65 128 128
BioID_0420.pgm 107 92 114 114
BioID_0759.pgm 140 96 96 96
BioID_0183.pgm 135 94 154 154
BioID_1385.pgm 145 80 140 140
BioID_1064.pgm 152 67 96 96
BioID_1254.pgm 158 46 117 117
BioID_0707.pgm 130 18 170 170
BioID_1249.pgm 177 58 114 114
BioID_1161.pgm 135 58 140 140
BioID_0189.pgm 112 108 158 158
BioID_0895.pgm 135 68 135 135
BioID_0659.pgm 116 63 142 142
BioID_0186.pgm 130 94 154 154
BioID_1127.pgm 141 77 131 131
BioID_1260.pgm 174 56 117 117
BioID_0920.pgm 112 70 188 188
BioID_1448.pgm 83 2 181 181
BioID_1430.pgm 106 64 112 112
BioID_0689.pgm 106 78 128 128
BioID_0813.pgm 136 75 117 117
BioID_1257.pgm 173 49 117 117
BioID_0390.pgm 92 95 98 98
BioID_0784.pgm 113 79 101 101
BioID_0263.pgm 165 92 103 103
BioID_0459.pgm 75 121 103 103
BioID_1381.pgm 144 75 142 142
BioID_0641.pgm 113 35 135 135
BioID_0252.pgm 163 86 110 110
BioID_0394.pgm 100 68 101 101
BioID_1157.pgm 140 40 133 133
BioID_0905.pgm 136 54 124 124
BioID_0545.pgm 127 80 131 131
BioID_0138.pgm 147 81 147 147
BioID_1427.pgm 108 68 117 117
BioID_0573.pgm 136 45 101 101
BioID_1268.pgm 167 45 119 119
BioID_0212.pgm 121 75 147 147
BioID_1413.pgm 163 65 98 98
BioID_0433.pgm 89 66 135 135
BioID_0639.pgm 102 51 149 149
BioID_1265.pgm 174 46 117 117
BioID_1352.pgm 172 46 80 80
BioID_1474.pgm 80 5 218 218
BioID_0988.pgm 166 79 108 108
BioID_1010.pgm 155 71 101 101
BioID_1037.pgm 114 45 98 98
BioID_0383.pgm 152 85 103 103
BioID_0375.pgm 109 3 181 181
BioID_0127.pgm 149 78 140 140
BioID_0453.pgm 94 111 114 114
BioID_1075.pgm 144 56 101 101
BioID_1059.pgm 128 79 167 167
BioID_0831.pgm 114 90 138 138
BioID_1274.pgm 177 53 117 117
BioID_1299.pgm 122 69 142 142
BioID_0476.pgm 112 104 105 105
BioID_1011.pgm 155 76 101 101
BioID_0240.pgm 160 94 105 105
BioID_0130.pgm 140 73 140 140
BioID_0696.pgm 120 82 128 128
BioID_1227.pgm 149 55 85 85
BioID_1305.pgm 119 64 140 140
BioID_0572.pgm 131 53 108 108
BioID_1485.pgm 106 1 174 174
BioID_0728.pgm 136 93 135 135
BioID_1022.pgm 83 58 206 206
BioID_1520.pgm 112 98 165 165
BioID_1150.pgm 136 72 128 128
BioID_0277.pgm 168 96 103 103
BioID_0916.pgm 138 60 124 124
BioID_1243.pgm 196 45 126 126
BioID_0839.pgm 121 121 135 135
BioID_0147.pgm 173 77 94 94
BioID_0512.pgm 106 108 110 110
BioID_0118.pgm 118 80 154 154
BioID_0404.pgm 93 66 105 105
BioID_0023.pgm 97 94 149 149
BioID_0562.pgm 128 48 110 110
BioID_0065.pgm 101 42 188 188
BioID_0830.pgm 123 54 119 119
BioID_0378.pgm 155 91 108 108
BioID_0034.pgm 125 113 128 128
BioID_0029.pgm 115 89 131 131
BioID_0699.pgm 118 90 128 128
BioID_0974.pgm 154 64 108 108
BioID_0253.pgm 169 86 112 112
BioID_0429.pgm 90 81 133 133
BioID_0107.pgm 126 83 147 147
BioID_0741.pgm 144 106 96 96
BioID_1269.pgm 175 48 119 119
BioID_0315.pgm 109 44 184 184
BioID_0684.pgm 118 66 117 117
BioID_0678.pgm 122 86 131 131
BioID_1444.pgm 92 13 184 184
BioID_0743.pgm 129 104 101 101
BioID_0054.pgm 98 0 209 209
BioID_0713.pgm 135 92 138 138
BioID_0559.pgm 102 138 103 103
BioID_0729.pgm 133 96 135 135
BioID_0371.pgm 97 30 117 117
BioID_0485.pgm 108 127 103 103
BioID_0288.pgm 142 68 103 103
BioID_0466.pgm 111 109 103 103
BioID_1454.pgm 98 28 140 140
BioID_0515.pgm 102 109 108 108
BioID_0624.pgm 121 59 126 126
BioID_0799.pgm 106 76 98 98
BioID_0389.pgm 105 102 96 96
BioID_0894.pgm 137 67 138 138
BioID_0948.pgm 133 68 151 151
BioID_0795.pgm 111 76 96 96
BioID_0859.pgm 129 116 133 133
BioID_1015.pgm 106 101 181 181
BioID_0086.pgm 97 93 188 188
BioID_1363.pgm 151 67 126 126
BioID_1447.pgm 83 5 181 181
BioID_0829.pgm 121 90 126 126
BioID_0914.pgm 136 61 124 124
BioID_1358.pgm 159 49 94 94
BioID_0403.pgm 94 67 103 103
BioID_0209.pgm 126 78 151 151
BioID_1167.pgm 141 55 133 133
BioID_1417.pgm 162 67 98 98
BioID_1382.pgm 148 76 144 144
BioID_1070.pgm 148 61 101 101
BioID_0929.pgm 146 76 138 138
BioID_0046.pgm 155 81 121 121
BioID_0105.pgm 132 81 144 144
BioID_1294.pgm 133 71 121 121
BioID_1369.pgm 144 75 124 124
BioID_0548.pgm 141 84 128 128
BioID_0444.pgm 99 61 142 142
BioID_0931.pgm 145 71 135 135
BioID_1321.pgm 146 59 82 82
BioID_1445.pgm 87 6 181 181
BioID_0308.pgm 58 53 195 195
BioID_0096.pgm 125 24 140 140
BioID_0112.pgm 132 83 149 149
BioID_0509.pgm 106 108 112 112
BioID_0970.pgm 128 82 138 138
BioID_0386.pgm 147 81 103 103
BioID_0868.pgm 121 100 128 128
BioID_1168.pgm 132 58 149 149
BioID_0792.pgm 110 74 98 98
BioID_1311.pgm 125 84 133 133
BioID_1093.pgm 124 103 179 179
BioID_0867.pgm 124 94 128 128
BioID_0477.pgm 110 102 103 103
BioID_0984.pgm 153 82 94 94
BioID_0198.pgm 145 79 142 142
BioID_0320.pgm 98 40 195 195
BioID_0511.pgm 102 108 110 110
BioID_0492.pgm 113 114 110 110
BioID_0662.pgm 110 80 158 158
BioID_0730.pgm 134 99 133 133
BioID_1319.pgm 163 51 94 94
BioID_1241.pgm 152 54 87 87
BioID_0210.pgm 125 75 149 149
BioID_0529.pgm 127 79 126 126
BioID_1443.pgm 90 15 184 184
BioID_1262.pgm 174 53 117 117
BioID_1190.pgm 147 29 117 117
BioID_1425.pgm 153 69 117 117
BioID_0037.pgm 134 117 121 121
BioID_1309.pgm 122 78 142 142
BioID_1062.pgm 142 67 103 103
BioID_0462.pgm 115 106 103 103
BioID_0708.pgm 122 28 165 165
BioID_1166.pgm 135 60 140 140
BioID_0648.pgm 144 82 126 126
BioID_0165.pgm 140 62 105 105
BioID_1343.pgm 171 51 80 80
BioID_0975.pgm 151 84 94 94
BioID_0353.pgm 119 51 117 117
BioID_0415.pgm 90 74 101 101
BioID_1115.pgm 154 59 112 112
BioID_1079.pgm 135 28 161 161
BioID_1085.pgm 112 34 202 202
BioID_1205.pgm 146 42 103 103
BioID_1178.pgm 152 46 105 105
BioID_0959.pgm 139 89 124 124
BioID_1034.pgm 112 39 98 98
BioID_0038.pgm 116 98 126 126
BioID_0151.pgm 122 80 119 119
BioID_0417.pgm 96 68 96 96
BioID_0695.pgm 120 89 128 128
BioID_0345.pgm 98 98 133 133
BioID_1180.pgm 152 42 105 105
BioID_1174.pgm 120 5 119 119
BioID_0912.pgm 139 59 124 124
BioID_0543.pgm 127 78 124 124
BioID_1258.pgm 170 59 124 124
BioID_0153.pgm 129 67 121 121
BioID_1158.pgm 134 44 131 131
BioID_0195.pgm 145 76 140 140
BioID_0205.pgm 161 77 108 108
BioID_1201.pgm 140 38 110 110
BioID_0598.pgm 89 30 112 112
BioID_0067.pgm 110 54 190 190
BioID_0733.pgm 136 98 135 135
BioID_0514.pgm 104 108 108 108
BioID_0282.pgm 166 97 105 105
BioID_0313.pgm 108 32 184 184
BioID_1364.pgm 144 66 133 133
BioID_1263.pgm 178 54 117 117
BioID_0637.pgm 130 39 138 138
BioID_0558.pgm 102 133 103 103
BioID_0295.pgm 157 65 98 98
BioID_0412.pgm 91 81 101 101
BioID_0899.pgm 139 56 124 124
BioID_1182.pgm 155 47 103 103
BioID_1104.pgm 150 58 114 114
BioID_1470.pgm 103 31 144 144
BioID_1508.pgm 116 42 96 96
BioID_1030.pgm 104 17 131 131
BioID_1341.pgm 161 60 89 89
BioID_0633.pgm 119 47 117 117
BioID_0616.pgm 117 60 133 133
BioID_1433.pgm 105 69 114 114
BioID_0020.pgm 88 97 154 154
BioID_0595.pgm 97 33 119 119
BioID_0774.pgm 144 96 94 94
BioID_0178.pgm 103 2 197 197
BioID_0972.pgm 129 76 131 131
BioID_0099.pgm 130 79 140 140
BioID_1025.pgm 94 72 209 209
BioID_0677.pgm 109 79 149 149
BioID_1128.pgm 137 76 128 128
BioID_1469.pgm 111 26 144 144
BioID_0692.pgm 121 82 128 128
BioID_0357.pgm 113 50 112 112
BioID_1149.pgm 130 68 135 135
BioID_1206.pgm 148 45 105 105
BioID_0170.pgm 127 12 188 188
BioID_1398.pgm 171 57 98 98
BioID_1134.pgm 129 78 128 128
BioID_0480.pgm 114 110 101 101
BioID_1288.pgm 173 51 119 119
BioID_0739.pgm 138 104 133 133
BioID_1111.pgm 153 57 114 114
BioID_0513.pgm 107 108 110 110
BioID_1389.pgm 160 88 101 101
BioID_1055.pgm 142 76 105 105
BioID_1449.pgm 79 4 181 181
BioID_0246.pgm 182 88 119 119
BioID_1284.pgm 170 58 119 119
BioID_0957.pgm 124 96 154 154
BioID_1368.pgm 146 67 126 126
BioID_1290.pgm 171 50 121 121
BioID_1475.pgm 91 0 202 202
BioID_1383.pgm 142 78 142 142
BioID_0014.pgm 83 89 193 193
BioID_0575.pgm 129 56 108 108
BioID_0590.pgm 86 35 114 114
BioID_0981.pgm 144 77 101 101
BioID_0173.pgm 113 19 197 197
BioID_0911.pgm 139 57 124 124
BioID_0747.pgm 131 92 98 98
BioID_0095.pgm 136 30 135 135
BioID_1199.pgm 142 41 103 103
BioID_0431.pgm 90 66 133 133
BioID_0854.pgm 136 60 128 128
BioID_0128.pgm 142 64 135 135
BioID_1222.pgm 149 52 87 87
BioID_0059.pgm 108 17 202 202
BioID_0827.pgm 134 88 119 119
BioID_1135.pgm 127 77 128 128
BioID_0438.pgm 93 66 135 135
BioID_0041.pgm 129 114 121 121
BioID_0528.pgm 120 80 128 128
BioID_0757.pgm 141 97 94 94
BioID_0991.pgm 168 79 103 103
BioID_0155.pgm 124 74 119 119
BioID_0993.pgm 117 104 158 158
BioID_0584.pgm 135 57 108 108
BioID_0500.pgm 104 108 112 112
BioID_0136.pgm 144 74 140 140
BioID_0682.pgm 131 55 105 105
BioID_1387.pgm 157 84 103 103
BioID_0681.pgm 119 75 133 133
BioID_1016.pgm 95 82 200 200
BioID_1099.pgm 150 55 114 114
BioID_0010.pgm 113 74 179 179
BioID_1360.pgm 140 70 133 133
BioID_0066.pgm 117 67 184 184
BioID_1043.pgm 114 48 101 101
BioID_1036.pgm 111 42 101 101
BioID_0527.pgm 119 85 131 131
BioID_1131.pgm 137 76 128 128
BioID_0340.pgm 119 112 108 108
BioID_1139.pgm 129 75 124 124
BioID_0081.pgm 99 84 193 193
BioID_0167.pgm 144 75 114 114
BioID_1179.pgm 148 41 110 110
BioID_1116.pgm 152 60 114 114
BioID_0615.pgm 109 67 135 135
BioID_1102.pgm 151 57 117 117
BioID_0810.pgm 116 73 117 117
BioID_1224.pgm 149 54 85 85
BioID_0583.pgm 129 53 110 110
BioID_0982.pgm 155 86 92 92
BioID_1018.pgm 85 51 206 206
BioID_1437.pgm 107 66 112 112
BioID_1136.pgm 133 74 126 126
BioID_0938.pgm 144 76 138 138
BioID_0031.pgm 120 95 131 131
BioID_1108.pgm 147 58 117 117
BioID_1466.pgm 96 27 140 140
BioID_1292.pgm 171 52 114 114
BioID_0260.pgm 160 107 103 103
BioID_0226.pgm 162 99 112 112
BioID_0638.pgm 113 24 142 142
BioID_1076.pgm 153 58 108 108
BioID_1280.pgm 172 62 121 121
BioID_0768.pgm 146 99 92 92
BioID_1502.pgm 120 44 103 103
BioID_1048.pgm 119 49 108 108
BioID_0009.pgm 99 71 181 181
BioID_1073.pgm 134 68 112 112
BioID_0125.pgm 137 79 144 144
BioID_0090.pgm 129 37 133 133
BioID_1141.pgm 166 75 80 80
BioID_0033.pgm 126 114 133 133
BioID_0388.pgm 101 96 98 98
BioID_1029.pgm 76 92 105 105
BioID_1335.pgm 154 55 108 108
BioID_1000.pgm 151 76 96 96
BioID_0274.pgm 171 101 103 103
BioID_1414.pgm 162 65 98 98
BioID_0495.pgm 103 106 110 110
BioID_0531.pgm 120 80 133 133
BioID_0011.pgm 97 71 184 184
BioID_0555.pgm 131 85 126 126
BioID_0384.pgm 147 80 96 96
BioID_0094.pgm 166 79 112 112
BioID_1316.pgm 131 84 135 135
BioID_1155.pgm 149 50 126 126
BioID_0376.pgm 103 7 181 181
BioID_1404.pgm 167 62 101 101
BioID_0651.pgm 117 72 110 110
BioID_1006.pgm 148 75 101 101
BioID_1459.pgm 104 30 144 144
BioID_1289.pgm 169 54 124 124
BioID_1033.pgm 106 10 131 131
BioID_0996.pgm 146 76 101 101
BioID_1137.pgm 127 74 126 126
BioID_0875.pgm 105 80 98 98
BioID_1053.pgm 136 69 108 108
BioID_0275.pgm 162 100 108 108
BioID_0627.pgm 109 67 135 135
BioID_0526.pgm 120 83 128 128
BioID_0847.pgm 131 127 135 135
BioID_0322.pgm 113 91 101 101
BioID_1345.pgm 161 66 94 94
BioID_0192.pgm 171 88 138 138
BioID_1492.pgm 93 35 190 190
BioID_1412.pgm 159 70 101 101
BioID_0995.pgm 144 74 105 105
BioID_0101.pgm 126 81 144 144
BioID_0045.pgm 136 131 119 119
BioID_1081.pgm 106 44 202 202
BioID_0456.pgm 101 109 114 114
BioID_0372.pgm 102 48 156 156
BioID_1235.pgm 152 57 87 87
BioID_0018.pgm 117 116 165 165
BioID_1328.pgm 156 44 94 94
BioID_0589.pgm 118 32 105 105
BioID_0807.pgm 109 80 96 96
BioID_0036.pgm 126 130 124 124
BioID_0085.pgm 101 91 190 190
BioID_0646.pgm 168 76 126 126
BioID_1344.pgm 170 55 78 78
BioID_0673.pgm 141 81 114 114
BioID_1151.pgm 131 70 128 128
BioID_1069.pgm 127 82 82 82
BioID_1210.pgm 149 37 105 105
BioID_0844.pgm 139 137 138 138
BioID_0076.pgm 116 126 151 151
BioID_1142.pgm 128 75 133 133
BioID_0614.pgm 110 70 138 138
BioID_1286.pgm 170 68 121 121
BioID_0823.pgm 135 82 117 117
BioID_1422.pgm 164 68 103 103
BioID_0025.pgm 126 102 135 135
BioID_0370.pgm 109 36 112 112
BioID_0971.pgm 130 72 131 131
BioID_0447.pgm 89 76 142 142
BioID_0077.pgm 99 84 195 195
BioID_1226.pgm 150 55 85 85
BioID_1424.pgm 151 69 119 119
BioID_0073.pgm 98 44 197 197
BioID_0152.pgm 140 53 96 96
BioID_0918.pgm 126 24 190 190
BioID_0304.pgm 135 73 96 96
BioID_0002.pgm 102 52 158 158
BioID_1216.pgm 151 53 89 89
BioID_0790.pgm 115 75 101 101
BioID_0314.pgm 106 38 188 188
BioID_0565.pgm 102 12 167 167
BioID_0746.pgm 138 91 98 98
BioID_0223.pgm 160 86 110 110
BioID_0881.pgm 145 81 94 94
BioID_0956.pgm 134 99 154 154
BioID_1194.pgm 144 40 108 108
BioID_0040.pgm 133 116 121 121
BioID_0296.pgm 162 65 94 94
BioID_0455.pgm 96 110 112 112
BioID_0815.pgm 128 59 112 112
BioID_1188.pgm 156 54 110 110
BioID_0874.pgm 115 71 96 96
BioID_0435.pgm 94 64 133 133
BioID_1366.pgm 140 70 126 126
BioID_0898.pgm 134 51 126 126
BioID_0763.pgm 149 99 89 89
BioID_0965.pgm 122 87 135 135
BioID_0068.pgm 104 43 188 188
BioID_0647.pgm 150 77 128 128
BioID_0936.pgm 127 66 140 140
BioID_0255.pgm 167 85 110 110
BioID_0690.pgm 103 80 133 133
BioID_0845.pgm 131 123 138 138
BioID_0017.pgm 111 86 167 167
BioID_1240.pgm 149 54 85 85
BioID_1421.pgm 167 68 101 101
BioID_0451.pgm 107 101 108 108
BioID_0300.pgm 130 69 96 96
BioID_1378.pgm 149 83 140 140
BioID_0337.pgm 120 107 112 112
BioID_0079.pgm 95 87 193 193
BioID_0530.pgm 122 76 126 126
BioID_0932.pgm 152 71 140 140
BioID_0271.pgm 172 100 103 103
BioID_1517.pgm 113 95 163 163
BioID_0947.pgm 79 96 131 131
BioID_0724.pgm 174 101 131 131
BioID_1032.pgm 124 42 92 92
BioID_0846.pgm 127 124 142 142
BioID_0175.pgm 115 11 195 195
BioID_0533.pgm 123 76 126 126
BioID_0339.pgm 116 113 105 105
BioID_1200.pgm 141 42 105 105
BioID_0732.pgm 136 100 131 131
BioID_0586.pgm 124 52 110 110
BioID_0848.pgm 142 117 135 135
BioID_1047.pgm 118 50 103 103
BioID_1506.pgm 119 37 101 101
BioID_0070.pgm 105 90 190 190
BioID_0218.pgm 139 104 149 149
BioID_0319.pgm 100 39 197 197
BioID_1238.pgm 156 55 87 87
BioID_0805.pgm 106 79 98 98
BioID_0474.pgm 110 108 103 103
BioID_0510.pgm 107 108 112 112
BioID_0740.pgm 137 103 135 135
BioID_0773.pgm 146 97 89 89
BioID_1239.pgm 153 57 87 87
BioID_0667.pgm 111 84 140 140
BioID_1399.pgm 166 62 98 98
BioID_0535.pgm 118 82 128 128
BioID_1436.pgm 106 67 114 114
BioID_1362.pgm 148 71 124 124
BioID_0230.pgm 167 94 108 108
BioID_1370.pgm 141 72 126 126
BioID_1300.pgm 124 66 142 142
BioID_0287.pgm 141 68 103 103
BioID_0427.pgm 78 100 121 121
BioID_0901.pgm 138 50 128 128
BioID_0710.pgm 139 52 172 172
BioID_0330.pgm 120 85 101 101
BioID_0193.pgm 142 84 147 147
BioID_1312.pgm 131 81 135 135
BioID_0497.pgm 107 110 112 112
BioID_1031.pgm 108 20 126 126
BioID_1293.pgm 126 106 142 142
BioID_1326.pgm 158 59 94 94
BioID_0650.pgm 116 72 105 105
BioID_0310.pgm 106 82 193 193
BioID_0116.pgm 108 152 129 129
BioID_0471.pgm 109 106 105 105
BioID_1279.pgm 173 61 119 119
BioID_0469.pgm 109 109 103 103
BioID_0365.pgm 84 38 124 124
BioID_0803.pgm 111 79 96 96
BioID_0269.pgm 171 102 103 103
BioID_0424.pgm 92 89 117 117
BioID_0507.pgm 111 109 110 110
BioID_1357.pgm 159 55 96 96
BioID_0570.pgm 130 56 108 108
BioID_0199.pgm 133 75 140 140
BioID_0855.pgm 141 62 92 92
BioID_1355.pgm 163 66 92 92
BioID_0560.pgm 87 94 124 124
BioID_0450.pgm 106 108 108 108
BioID_0449.pgm 90 101 108 108
BioID_1215.pgm 156 52 85 85
BioID_0967.pgm 149 86 131 131
BioID_1052.pgm 138 71 110 110
BioID_1477.pgm 73 3 227 227
BioID_0822.pgm 141 86 119 119
BioID_1428.pgm 105 68 114 114
BioID_0335.pgm 103 101 112 112
BioID_1456.pgm 107 30 142 142
BioID_1165.pgm 142 49 140 140
BioID_0250.pgm 177 85 117 117
BioID_1313.pgm 125 76 135 135
BioID_0670.pgm 112 82 142 142
BioID_0840.pgm 128 122 135 135
BioID_0441.pgm 90 78 142 142
BioID_0234.pgm 173 94 110 110
BioID_1377.pgm 138 81 147 147
BioID_0779.pgm 114 93 103 103
BioID_0071.pgm 98 34 200 200
BioID_1101.pgm 148 55 117 117
BioID_0307.pgm 160 74 94 94
BioID_1375.pgm 136 77 142 142
BioID_0140.pgm 140 84 147 147
BioID_0994.pgm 149 79 103 103
BioID_0137.pgm 143 73 142 142
BioID_0596.pgm 96 34 114 114
BioID_0391.pgm 97 92 98 98
BioID_0465.pgm 111 108 105 105
BioID_1298.pgm 122 56 135 135
BioID_0783.pgm 113 77 101 101
BioID_0954.pgm 128 82 151 151
BioID_0187.pgm 117 143 136 136
BioID_0202.pgm 131 82 142 142
BioID_0176.pgm 119 0 195 195
BioID_0436.pgm 102 63 138 138
BioID_1067.pgm 152 54 96 96
BioID_0567.pgm 141 47 101 101
BioID_1407.pgm 164 67 98 98
BioID_0592.pgm 82 41 131 131
BioID_1028.pgm 75 87 108 108
BioID_0013.pgm 79 66 200 200
BioID_0791.pgm 117 72 101 101
BioID_0405.pgm 90 64 101 101
BioID_0360.pgm 104 28 108 108
BioID_0640.pgm 106 35 142 142
BioID_1514.pgm 124 39 101 101
BioID_1441.pgm 68 55 218 218
BioID_0196.pgm 144 82 140 140
BioID_0549.pgm 136 83 128 128
BioID_1044.pgm 113 49 110 110
BioID_0233.pgm 165 98 110 110
BioID_0487.pgm 122 101 121 121
BioID_1007.pgm 147 75 105 105
BioID_1481.pgm 74 1 234 234
BioID_0865.pgm 123 97 131 131
BioID_0463.pgm 113 110 105 105
BioID_0546.pgm 127 84 126 126
BioID_0930.pgm 142 70 135 135
BioID_0862.pgm 126 93 133 133
BioID_0683.pgm 128 67 110 110
BioID_0338.pgm 118 102 105 105
BioID_0224.pgm 165 86 110 110
BioID_0506.pgm 107 110 112 112
BioID_0135.pgm 138 79 142 142
BioID_1410.pgm 163 66 101 101
BioID_0825.pgm 122 86 121 121
BioID_0698.pgm 118 90 128 128
BioID_1367.pgm 142 68 124 124
BioID_0414.pgm 92 72 98 98
BioID_0174.pgm 109 12 200 200
BioID_1272.pgm 175 53 117 117
BioID_0000.pgm 118 74 163 163
BioID_0809.pgm 106 78 101 101
BioID_0976.pgm 140 92 96 96
BioID_1017.pgm 98 81 197 197
BioID_0762.pgm 139 101 96 96
BioID_0251.pgm 169 83 112 112
BioID_1092.pgm 99 58 209 209
BioID_1386.pgm 143 91 135 135
BioID_0092.pgm 146 66 114 114
BioID_0184.pgm 125 94 154 154
BioID_1285.pgm 175 62 119 119
BioID_0134.pgm 141 75 140 140
BioID_1490.pgm 124 9 98 98
BioID_0985.pgm 147 82 94 94
BioID_0878.pgm 134 82 101 101
BioID_0945.pgm 159 81 103 103
BioID_0853.pgm 119 57 131 131
BioID_1461.pgm 100 29 140 140
BioID_1426.pgm 112 68 117 117
BioID_1041.pgm 114 45 101 101
BioID_1246.pgm 181 57 114 114
BioID_0407.pgm 87 75 108 108
BioID_0700.pgm 109 95 126 126
BioID_1283.pgm 165 58 124 124
BioID_0396.pgm 80 75 101 101
BioID_0104.pgm 126 81 147 147
BioID_0142.pgm 135 86 147 147
BioID_0247.pgm 173 90 121 121
BioID_1176.pgm 145 49 108 108
BioID_1340.pgm 166 54 80 80
BioID_0556.pgm 142 106 94 94
BioID_1390.pgm 154 93 101 101
BioID_0563.pgm 137 53 103 103
BioID_0722.pgm 125 97 133 133
BioID_0124.pgm 131 78 147 147
BioID_0203.pgm 129 77 144 144
BioID_0521.pgm 126 76 135 135
BioID_0754.pgm 115 80 98 98
BioID_0243.pgm 174 78 117 117
BioID_1464.pgm 101 31 140 140
BioID_0626.pgm 111 69 135 135
BioID_1126.pgm 127 99 131 131
BioID_0775.pgm 152 98 87 87
BioID_0084.pgm 100 93 190 190
BioID_1256.pgm 174 50 121 121
BioID_1058.pgm 142 72 110 110
BioID_0890.pgm 139 87 96 96
BioID_0258.pgm 169 84 112 112
BioID_0262.pgm 173 98 101 101
BioID_0122.pgm 138 74 140 140
BioID_0676.pgm 109 94 135 135
BioID_0267.pgm 118 100 105 105
BioID_0219.pgm 143 80 135 135
BioID_1317.pgm 125 80 138 138
BioID_0522.pgm 137 78 135 135
BioID_0291.pgm 171 74 94 94
BioID_1471.pgm 109 34 140 140
BioID_1153.pgm 142 49 124 124
BioID_0782.pgm 113 82 103 103
BioID_1169.pgm 132 57 151 151
BioID_1418.pgm 165 63 101 101
BioID_0569.pgm 134 50 105 105
BioID_0351.pgm 118 42 117 117
BioID_1392.pgm 180 90 103 103
BioID_0042.pgm 132 118 119 119
BioID_1026.pgm 88 84 193 193
BioID_1046.pgm 118 51 108 108
BioID_0069.pgm 103 44 193 193
BioID_0323.pgm 113 86 98 98
BioID_0021.pgm 98 102 154 154
BioID_1209.pgm 147 45 103 103
BioID_1229.pgm 148 55 85 85
BioID_1324.pgm 162 53 87 87
BioID_0352.pgm 117 49 114 114
BioID_1419.pgm 164 65 101 101
BioID_0796.pgm 109 77 101 101
BioID_0658.pgm 115 61 144 144
BioID_0159.pgm 188 74 108 108
BioID_0367.pgm 79 18 119 119
BioID_1501.pgm 122 42 105 105
BioID_1503.pgm 117 38 103 103
BioID_0141.pgm 138 87 149 149
BioID_0771.pgm 141 96 96 96
BioID_0766.pgm 136 95 94 94
BioID_0609.pgm 119 56 128 128
BioID_0297.pgm 155 71 96 96
BioID_0561.pgm 141 50 98 98
BioID_0765.pgm 141 96 94 94
BioID_1051.pgm 133 75 105 105
BioID_1339.pgm 164 54 89 89
BioID_0012.pgm 86 74 181 181
BioID_1486.pgm 86 39 188 188
BioID_1379.pgm 156 83 140 140
BioID_0422.pgm 96 92 119 119
BioID_0949.pgm 117 69 161 161
BioID_1322.pgm 164 58 92 92
BioID_0043.pgm 136 116 124 124
BioID_0860.pgm 133 104 121 121
BioID_1217.pgm 149 54 89 89
BioID_0593.pgm 78 48 138 138
BioID_1138.pgm 138 72 124 124
BioID_0928.pgm 151 73 135 135
BioID_0663.pgm 111 92 142 142
BioID_0621.pgm 119 55 128 128
BioID_0293.pgm 169 65 96 96
BioID_0837.pgm 134 125 135 135
BioID_0694.pgm 124 86 126 126
BioID_1121.pgm 154 61 114 114
BioID_0299.pgm 130 65 98 98
BioID_1315.pgm 115 81 149 149
BioID_0359.pgm 107 28 108 108
BioID_0557.pgm 96 167 117 117
BioID_1080.pgm 105 45 200 200
BioID_1082.pgm 101 8 204 204
BioID_0939.pgm 137 74 138 138
BioID_1301.pgm 128 67 138 138
BioID_0737.pgm 130 102 138 138
BioID_0788.pgm 113 82 96 96
BioID_1065.pgm 156 58 96 96
BioID_0850.pgm 137 127 135 135
BioID_0098.pgm 132 83 144 144
BioID_0769.pgm 147 99 92 92
BioID_1304.pgm 125 58 133 133
BioID_0503.pgm 118 108 110 110
BioID_0439.pgm 83 76 131 131
BioID_0964.pgm 159 82 103 103
BioID_1489.pgm 76 60 216 216
BioID_0966.pgm 133 82 140 140
BioID_0958.pgm 139 85 147 147
BioID_0926.pgm 165 57 126 126
BioID_1488.pgm 91 35 188 188
BioID_0292.pgm 168 71 98 98
BioID_0525.pgm 115 86 128 128
BioID_0387.pgm 152 81 98 98
BioID_1494.pgm 79 55 181 181
BioID_1004.pgm 156 74 101 101
BioID_0780.pgm 109 82 101 101
BioID_0055.pgm 100 34 197 197
BioID_0983.pgm 150 81 96 96
BioID_0053.pgm 101 6 206 206
BioID_0550.pgm 138 84 131 131
BioID_0891.pgm 139 93 101 101
BioID_0358.pgm 110 19 112 112
BioID_1439.pgm 104 62 112 112
BioID_0266.pgm 166 92 103 103
BioID_0149.pgm 114 72 117 117
BioID_0940.pgm 147 74 131 131
BioID_0454.pgm 100 108 112 112
BioID_0688.pgm 109 79 131 131
BioID_0496.pgm 108 110 112 112
BioID_0608.pgm 116 81 135 135
BioID_1189.pgm 153 50 112 112
BioID_1432.pgm 107 65 114 114
BioID_0594.pgm 73 35 138 138
BioID_0734.pgm 134 96 135 135
BioID_0162.pgm 181 77 114 114
BioID_1193.pgm 136 31 112 112
BioID_1078.pgm 154 55 103 103
BioID_1511.pgm 113 46 101 101
BioID_1255.pgm 166 55 121 121
BioID_0858.pgm 111 113 135 135
BioID_0551.pgm 131 85 131 131
BioID_0341.pgm 110 117 101 101
BioID_0553.pgm 132 87 128 128
BioID_1420.pgm 160 64 101 101
BioID_0346.pgm 96 89 126 126
BioID_0714.pgm 133 88 138 138
BioID_0366.pgm 83 19 126 126
BioID_0349.pgm 116 26 126 126
BioID_0571.pgm 131 52 108 108
BioID_1365.pgm 140 56 133 133
BioID_1325.pgm 154 55 101 101
BioID_0748.pgm 137 91 98 98
BioID_0111.pgm 127 82 149 149
BioID_1211.pgm 143 36 101 101
BioID_0758.pgm 147 97 94 94
BioID_0035.pgm 117 111 128 128
BioID_0281.pgm 162 93 105 105
BioID_0490.pgm 111 114 112 112
BioID_0600.pgm 96 37 121 121
BioID_1468.pgm 100 30 140 140
BioID_1061.pgm 137 66 103 103
BioID_0843.pgm 132 132 138 138
BioID_0657.pgm 118 65 147 147
BioID_0091.pgm 144 62 117 117
BioID_0395.pgm 93 82 101 101
BioID_0145.pgm 136 84 144 144
BioID_0642.pgm 117 34 135 135
BioID_0833.pgm 123 119 138 138
BioID_0007.pgm 99 55 179 179
BioID_1156.pgm 136 69 128 128
BioID_1020.pgm 104 103 177 177
BioID_1504.pgm 120 40 103 103
BioID_1071.pgm 150 59 94 94
BioID_0163.pgm 184 69 110 110
BioID_0004.pgm 107 62 165 165
BioID_0687.pgm 123 83 126 126
BioID_0302.pgm 140 72 98 98
BioID_1117.pgm 151 62 114 114
BioID_0470.pgm 112 107 105 105
BioID_0413.pgm 98 75 101 101
BioID_1310.pgm 114 81 144 144
BioID_0619.pgm 115 50 131 131
BioID_0222.pgm 163 87 108 108
BioID_1244.pgm 183 48 98 98
BioID_0574.pgm 131 60 108 108
BioID_0158.pgm 170 68 112 112
BioID_0457.pgm 76 119 101 101
BioID_0819.pgm 123 103 133 133
BioID_0498.pgm 107 109 110 110
BioID_0052.pgm 116 39 186 186
BioID_0411.pgm 97 77 101 101
BioID_0685.pgm 107 69 147 147
BioID_0736.pgm 138 94 133 133
BioID_0238.pgm 172 95 105 105
BioID_0325.pgm 108 90 94 94
BioID_0517.pgm 103 109 110 110
BioID_0221.pgm 231 70 103 103
BioID_0402.pgm 99 71 103 103
BioID_1396.pgm 169 44 101 101
BioID_0852.pgm 118 83 131 131
BioID_1021.pgm 96 77 202 202
BioID_0374.pgm 119 23 133 133
BioID_1361.pgm 140 75 131 131
BioID_0900.pgm 122 49 131 131
BioID_1452.pgm 111 23 142 142
BioID_0896.pgm 139 60 133 133
BioID_0776.pgm 145 97 94 94
BioID_1129.pgm 139 77 131 131
BioID_0749.pgm 138 103 92 92
BioID_0154.pgm 130 68 112 112
BioID_1213.pgm 144 36 105 105
BioID_0618.pgm 118 54 128 128
BioID_0265.pgm 166 100 105 105
BioID_0986.pgm 143 84 96 96
BioID_0715.pgm 124 97 144 144
BioID_0999.pgm 149 79 101 101
BioID_0150.pgm 111 73 114 114
BioID_0446.pgm 83 69 138 138
BioID_1002.pgm 138 85 101 101
